fx: 1012.0305121848834
fy: 1013.8041104693757
cx: 970.8351379021769
cy: 639.294225714869
initial_extrinsic: [0, -1, 0, 0,
                    0, 0, -1, 0,
                    1, 0, 0, 0,
                    0, 0, 0, 1]
